%YAML:1.0
---
camera_matrix: !!opencv-matrix
   rows: 3
   cols: 3
   dt: d
   data: [ 5.0872645639249822e+02, 0., 3.1837112335516434e+02, 0.,
       5.0705893257198312e+02, 2.3509839991084138e+02, 0., 0., 1. ]
dist_coeff: !!opencv-matrix
   rows: 1
   cols: 5
   dt: d
   data: [ 1.7261482587146598e-01, -2.8374100121184687e-01,
       -5.2530251097571900e-03, -3.5134656711839098e-04,
       -1.4553748973324654e-01 ]
